[sur.JPG]
filters=enhance=1;autolight=1;autocolor=1;finetune2=1,0.000000,0.070175,0.241404,00000000,0.000000;
moddate=00954e91d9c7ce01
width=336
height=386
textactive=0
[mann.JPG]
filters=autolight=1;enhance=1;finetune2=1,0.000000,0.120702,0.106667,00000000,0.000000;glow2=1,0.538012,4.865518;Orton=1,28.654972,45.029240,60.233921;
moddate=00f3d208dfc7ce01
width=306
height=386
textactive=0
[photo.JPG]
filters=enhance=1;autolight=1;finetune2=1,0.000000,0.168421,0.126316,00000000,0.000000;glow2=1,0.257310,1.381117;Orton=1,25.000000,50.000000,53.801167;
moddate=804539a0e1c7ce01
width=336
height=386
textactive=0
[paper.JPG]
filters=enhance=1;autolight=1;finetune2=1,0.000000,0.112281,0.072982,00000000,0.000000;glow2=1,0.650000,3.000000;Orton=1,21.929825,53.216373,65.497078;
moddate=00a0d5fae7c7ce01
width=336
height=386
textactive=0
